   1.7497868e+01
   1.6011303e+01
   1.3180141e+01
   2.2082050e+01
   2.3596682e+01
   2.6281067e+01
   1.9505462e+01
   1.7692148e+01
   1.6228920e+01
   1.7876891e+01
   1.1021878e+01
   1.1984417e+01
   1.5980921e+01
   1.8118350e+01
   2.2037458e+01
   2.1980713e+01
   2.2850513e+01
   2.0215654e+01
   2.0327237e+01
   2.5986772e+01
   2.2830737e+01
   2.2057209e+01
   1.8174062e+01
   1.1133738e+01
   1.6909475e+01
   1.6397168e+01
   1.9592039e+01
   2.3093061e+01
   1.9055184e+01
   1.9165132e+01
   1.9888009e+01
   2.1346059e+01
   2.1959837e+01
   2.2362395e+01
   1.5418346e+01
   1.9186839e+01
   1.1537381e+01
   1.7523943e+01
   1.7123012e+01
   1.9789511e+01
   1.8040715e+01
   1.6056277e+01
   2.0894275e+01
   1.9640781e+01
   2.0918165e+01
   2.1219749e+01
   1.8188934e+01
   1.7206717e+01
   1.4969959e+01
   1.4140387e+01
   1.6861083e+01
   1.8334455e+01
   1.5653680e+01
   1.4828362e+01
   2.1185520e+01
   1.8964299e+01
   2.2375727e+01
   1.7738351e+01
   1.5698213e+01
   1.5256390e+01
   1.5330431e+01
   1.6516465e+01
   1.3001786e+01
   1.7281239e+01
   1.7650585e+01
   1.1480779e+01
   1.3849582e+01
   1.3141768e+01
   9.3203167e+00
   7.8460939e+00
   7.9873833e+00
   9.3659842e+00
   1.3295179e+01
   1.6868577e+01
   1.9005071e+01
   1.9158074e+01
   1.9249196e+01
   2.1438334e+01
   2.0276165e+01
   1.6304734e+01
   8.1911239e+00
   1.4017491e+01
   1.5159950e+01
   1.6305812e+01
   1.9011218e+01
   1.5024620e+01
   1.4211775e+01
   1.7198554e+01
   1.7594189e+01
   1.8769265e+01
   1.9547680e+01
   1.7169790e+01
   2.0323726e+01
   1.4903945e+01
   1.5464573e+01
   1.7877120e+01
   1.3847987e+01
   1.2211149e+01
   9.1499290e+00
   1.7713047e+01
   1.6594711e+01
   1.4916670e+01
   1.7189970e+01
   1.4758041e+01
   1.7996653e+01
   1.2910502e+01
   1.5063322e+01
   5.8364006e+00
   1.4324789e+01
   1.7197357e+01
   1.9685057e+01
   1.6229291e+01
   1.9393486e+01
   1.7109462e+01
   1.6673741e+01
   2.2046646e+01
   1.8165793e+01
   1.4945752e+01
   1.6197537e+01
   1.4039452e+01
   1.3507043e+01
   1.3785401e+01
   1.7157362e+01
   1.7302661e+01
   1.4973928e+01
   1.5782882e+01
   1.8191465e+01
   1.9653875e+01
   1.5484907e+01
   1.6145186e+01
   1.3933974e+01
   2.0859307e+01
   1.6136950e+01
   1.4359052e+01
   1.7697350e+01
   1.5543494e+01
   1.8011074e+01
   1.5486856e+01
   1.7575229e+01
   2.2792324e+01
   1.8662974e+01
   1.2589190e+01
   1.7391535e+01
   1.4602168e+01
   1.2952356e+01
   1.4990640e+01
   1.4009150e+01
   1.7529634e+01
   2.0190138e+01
   1.9985842e+01
   1.8401247e+01
   2.0474224e+01
   1.8198638e+01
   1.5435214e+01
   1.6481544e+01
   1.8230809e+01
   1.1264217e+01
   1.5734022e+01
   1.6246797e+01
   1.8405952e+01
   1.7388786e+01
   1.5259910e+01
   1.8102880e+01
   1.9961482e+01
   1.9707879e+01
   2.3276167e+01
   2.0925724e+01
   7.7022699e+00
   1.5332879e+01
   2.0340136e+01
   1.6795752e+01
   1.8677061e+01
   1.9001599e+01
